48,4
48,3
48,2
48,1
48,0
47,3
47,2
47,1
47,0
46,3
46,2
46,1
46,0
28,5
45,5
45,4
45,3
45,2
45,1
45,0
44,4
44,3
44,2
44,1
44,0
43,4
43,3
43,2
43,1
43,0
42,5
42,4
42,3
42,2
42,1
42,0
41,4
41,3
41,2
41,1
41,0
40,3
40,2
40,1
40,0
39,5
39,4
39,3
39,2
39,1
39,0
38,4
38,3
38,2
38,1
38,0
32,4
37,5
37,4
37,3
37,2
37,1
37,0
0,447
0,446
0,445
0,444
0,443
0,442
0,441
0,440
0,439
0,438
0,437
36,4
36,3
36,2
0,436
36,1
36,0
0,435
0,434
0,433
31,4
0,432
0,415
35,5
35,4
35,3
35,2
0,414
35,1
35,0
0,413
0,412
0,411
0,410
0,409
0,408
0,407
0,406
0,405
0,404
0,403
0,402
0,401
0,400
0,399
0,398
0,397
34,4
34,3
34,2
0,396
34,1
34,0
0,395
0,394
29,4
0,278
0,393
0,392
0,391
0,390
0,389
0,388
0,387
0,386
0,385
0,273
0,270
33,4
33,3
33,2
33,1
33,0
0,384
0,319
27,4
32,3
